81 13
5 252
238 434
442 434
58 307
384 418
187 60
7 0
199 328
264 59
90 392
243 422
118 144
67 167
25 78
28 417
454 263
380 427
142 196
70 395
89 272
27 89
377 91
321 386
154 246
462 457
201 74
26 9
82 472
67 328
325 77
179 106
375 306
151 30
5 331
421 71
415 95
330 45
288 183
235 481
194 116
478 292
68 94
377 464
247 263
159 117
490 369
407 401
499 429
266 234
373 27
337 239
259 254
315 77
123 471
421 106
483 164
224 336
262 466
426 342
405 84
124 17
348 376
229 118
85 286
213 155
282 114
120 30
365 206
328 244
480 371
306 86
320 139
41 265
205 73
18 109
460 354
223 436
225 491
325 456
103 199
181 172
172 10
290 293
165 150
483 62
408 437
62 56
358 134
162 498
326 344
108 348
104 335
412 325
52 287
309 85
27 221
433 496
160 91
482 86
410 188
5 64
361 140
423 194
192 354
345 220
69 119
384 38
227 18
499 463
340 168
472 385
69 242
101 347
119 309
268 220
252 275
74 85
15 359
56 75
46 216
243 25
414 273
51 159
11 490
168 435
296 398
365 459
5 83
51 300
224 280
372 240
215 56
408 425
379 300
432 495
365 236
342 128
35 356
101 43
386 123
387 120
140 490
29 77
78 308
81 402
388 179
97 260
266 479
195 347
20 407
29 230
456 153
177 285
57 221
40 180
310 120
456 338
153 45
479 218
81 103
437 407
43 32
347 26
193 33
358 173
455 38
323 477
433 76
96 351
492 430
154 388
117 402
499 12
372 163
136 418
323 204
465 161
362 123
213 89
490 77
180 51
18 199
245 346
25 2
351 196
431 1
273 286
259 309
59 232
488 331
159 53
89 256
120 240
104 67
352 198
357 77
265 47
167 271
218 398
